200 782 755
400 960 930
600 900 848
800 1075 1006
1000 1046 939
1200 1088 1030
1400 1117 1072
1600 1099 1076
1800 1144 1122
2000 1084 1070
2200 1129 1106
2400 1084 1073
2600 1105 1097
2800 1091 1079
3000 1111 1096
3200 1136 1127
3400 1114 1085
3600 1112 1096
3800 1090 1082
4000 1108 1097
4200 1092 1082
4400 1104 1087
4600 1102 1092
4800 1094 1083
5000 1106 1099
5200 1097 1095
5400 1116 1109
5600 1109 1096
5800 1136 1112
6000 1131 1106
6200 1119 1106
6400 1129 1124
6600 1112 1108
6800 1126 1122
7000 1116 1111
7200 1128 1123
7400 1113 1108
7600 1137 1129
7800 1110 1105
8000 1105 1103